[Paper0]
Name=Custom Size 1
DisplayName=Custom Size 1
Width=215.89999999999998
Height=279.90799999999996
MarginTop=6.3499999999999996
MarginBottom=14.224
MarginLeft=6.3499999999999996
MarginRight=6.3499999999999996
Orientation=portrait

[Paper1]
Name=Custom Size 2
DisplayName=Custom Size 2
Width=215.89999389648438
Height=279.39999389648438
MarginTop=12.699999999999999
MarginBottom=12.699999999999999
MarginLeft=6.3499999999999996
MarginRight=6.3499999999999996
Orientation=portrait
